154,35
0,809
13,8
0,619
13,132
0,618
13,7
0,617
13,133
0,616
13,1
0,615
2,2
13,81
2,1
0,614
0,613
13,5
14,10
2,5
0,612
14,5
13,6
0,611
14,7
14,1
18,5
0,610
18,7
0,609
18,1
14,6
0,608
29,1
18,6
0,607
92,1
29,5
0,606
92,7
0,605
10,42
0,604
0,778
10,5
0,603
15,9
10,10
0,602
15,5
10,9
0,601
15,7
0,600
10,8
15,1
10,7
0,599
15,6
10,1
0,598
10,6
30,7
17,5
30,8
17,8
17,7
17,1
30,9
30,1
17,6
0,308
30,6
0,305
30,5
75,1
0,340
75,5
0,364
0,10
0,311
0,310
0,0
0,307
0,306
0,13
0,339
0,11
0,9
154,34
154,33
154,32
154,31
154,30
154,29
154,28
154,27
154,26
154,25
154,24
154,23
154,22
154,21
154,20
154,19
154,18
154,17
154,16
154,15
154,14
154,13
154,12
154,11
154,10
154,9
154,8
154,7
154,6
154,5
154,4
154,3
154,2
154,0
0,484
0,469
0,303
0,483
0,468
0,302
0,789
0,467
0,301
0,822
0,466
0,300
0,482
0,465
0,299
0,481
0,464
0,298
0,480
0,463
0,297
0,821
0,462
0,296
0,810
0,461
0,295
0,479
0,460
0,294
0,478
0,459
0,293
0,477
0,458
0,292
0,788
0,457
0,291
0,787
0,456
0,290
0,453
0,455
0,289
0,825
0,493
0,288
0,828
0,452
0,287
0,476
0,451
0,286
0,454
0,450
0,285
0,449
0,284
0,808
0,447
0,283
0,448
0,446
0,282
0,475
0,445
0,281
0,820
0,443
0,280
0,444
0,442
0,279
0,786
0,440
0,278
0,785
0,439
0,277
0,784
0,438
0,276
0,441
0,437
0,275
0,807
0,435
0,274
0,436
0,434
0,273
0,783
0,432
0,272
0,433
0,431
0,271
0,782
0,429
0,270
0,430
0,428
0,269
0,819
0,426
0,268
0,806
0,425
0,267
0,818
0,424
0,266
0,427
0,423
0,265
0,817
0,422
0,264
0,805
0,421
0,263
0,781
0,419
0,262
0,420
0,418
0,261
0,804
0,416
0,260
0,417
0,415
0,259
0,780
0,413
0,258
0,414
0,412
0,257
0,779
0,410
0,256
0,411
0,409
0,255
0,830
0,406
0,254
0,407
0,405
0,253
0,827
0,403
0,252
0,404
0,402
0,251
0,803
0,400
0,250
0,401
0,399
0,249
0,801
0,397
0,248
0,398
0,396
0,247
0,802
0,394
0,246
0,395
0,393
0,245
0,800
